-3.775679012344880903e+00
-3.775679012344880903e+00
-3.775679012344880903e+00
-1.388910493827233950e+01
-7.713172839506569289e+00
-1.008645679012397522e+01
-2.071229629629669944e+01
-1.453636419753092923e+01
-1.132703703704919462e+00
-1.170460493827113169e+01
-9.007691358024203510e+00
-6.175932098765770206e+00
-3.344172839505517913e+00
-2.589037037037087430e+00
-1.240580246913623341e+01
-8.198617283949715784e+00
-6.229870370370008459e+00
-7.200759259259029932e+00
-4.288092592592420260e+00
-8.845876543209669762e+00
-1.154279012345705269e+01
-1.957959259259223472e+01
-1.049099382716076434e+01
2.961211111111106220e+01
1.436645864197530500e+02
1.521328950617285045e+02
1.545061790123468199e+02
1.580121666666659621e+02
1.515395740740741530e+02
1.573109691358031341e+02
1.750296913580245928e+02
1.681795308641967495e+02
1.672356111111107566e+02
1.919393395061729279e+02
1.760005802469140690e+02
1.841452592592590918e+02
1.901593765432098735e+02
1.936383950617291703e+02
2.075814382716048385e+02
2.086602037037041555e+02
2.146473518518523633e+02
2.117346851851857537e+02
2.248956234567895081e+02
2.104401666666667552e+02
2.124358827160481269e+02
2.355484320987648061e+02
2.402140925925937154e+02
2.421828395061729680e+02
2.547234876543211612e+02
2.425064691358015807e+02
2.489790617283961183e+02
2.730894691358016644e+02
2.663202160493819974e+02
2.640548086419744322e+02
2.788608641975311002e+02
2.812071790123459323e+02
2.827983580246914244e+02
3.010564629629634510e+02
3.048591111111113605e+02
3.023779506172832043e+02
2.960941419753103219e+02
3.098214320987663086e+02
3.224160185185187402e+02
3.291852716049393166e+02
3.278368148148142609e+02
3.332845802469141745e+02
3.401347407407411083e+02
3.518663148148157234e+02
3.616021728395066930e+02
3.541317222222232886e+02
3.792130185185178561e+02
3.840674629629629635e+02
3.863059012345670453e+02
3.978756604938271266e+02
3.993319938271611136e+02
4.205836728395056525e+02
4.222827283950618948e+02
4.291868271604939764e+02
4.314792037037027512e+02
4.571538209876530345e+02
4.609834382716053369e+02
4.763288765432098444e+02
4.724992592592584515e+02
4.885189259259263963e+02
4.960433148148149485e+02
4.896785987654320706e+02
4.990368888888888250e+02
4.982547839506178207e+02
4.881952962962959646e+02
5.047813148148156870e+02
5.439674691358027303e+02
5.609849938271613610e+02
5.725008148148135660e+02
5.626031419753089722e+02
5.714490185185181872e+02
5.869562716049376832e+02
5.934288641975308565e+02
6.145996358024694928e+02
6.273830061728390319e+02
6.467468456790120399e+02
6.440229629629639021e+02
6.546757716049378359e+02
6.453444506172845649e+02
6.664343148148141154e+02
6.939967716049382034e+02
6.863914753086410201e+02
7.010087469135805804e+02
7.075892160493826850e+02
7.281666666666669698e+02
7.483395802469121918e+02
7.580214999999998327e+02
7.731781543209876872e+02
7.819700925925926640e+02
8.010642407407412975e+02
8.001472901234578785e+02
8.284648827160490328e+02
8.318360246913575793e+02
8.446733333333331757e+02
8.645495864197532683e+02
8.812974197530847960e+02
9.095341049382718666e+02
9.260931543209881056e+02
9.362335493827154096e+02
9.519026172839508035e+02
9.768220987654317469e+02
9.958892777777768970e+02
1.001040382716049407e+03
1.024935037037037546e+03
1.049369074074073978e+03
1.043220111111112146e+03
1.073884018518519497e+03
1.102093734567901720e+03
1.123480259259259128e+03
1.151932697530864971e+03
1.167359043209876745e+03
1.176933086419752726e+03
1.214042617283950221e+03
1.247430407407405710e+03
1.225666314814814541e+03
1.275613154320987178e+03
1.296891802469135200e+03
1.321973098765431132e+03
1.343845067901235325e+03
1.394088567901236274e+03
1.393845845679012200e+03
1.426100932098766407e+03
1.441689092592591805e+03
1.464531950617284110e+03
1.464478012345678962e+03
1.506280172839507031e+03
1.534894425925926043e+03
1.559517246913580493e+03
1.579555314814814665e+03
1.604960240740739664e+03
1.588158469135802079e+03
1.667663481481480176e+03
1.644847592592592264e+03
1.673866382716049884e+03
1.683656179012345092e+03
1.721898413580247507e+03
1.754746820987653791e+03
1.782093524691356834e+03
1.762433024691357787e+03
1.773894907407407572e+03
1.845875530864197572e+03
1.839295061728395012e+03
1.853723549382715646e+03
1.884765024691357212e+03
1.859333129629628274e+03
1.890887018518517834e+03
1.930963154320986632e+03
1.977296129629630741e+03
1.991158265432099142e+03
2.029211716049382176e+03
2.018558907407407332e+03
2.035468555555554303e+03
2.087195358024691359e+03
2.089002290123456532e+03
2.126273635802467197e+03
2.120744962962962745e+03
2.194505549382716708e+03
2.202919919753085651e+03
2.247526870370370034e+03
2.271124864197531224e+03
2.291540499999999611e+03
2.299550333333333583e+03
2.348876882716048840e+03
2.410771049382715773e+03
2.435420839506172797e+03
2.495669888888889091e+03
2.478220858024691097e+03
2.580784481481481180e+03
2.622613611111111823e+03
2.628196222222221877e+03
2.706514592592591725e+03
2.775097104938271514e+03
2.753440888888888821e+03
2.840200598765432915e+03
2.858836271604937792e+03
2.892763444444445668e+03
2.972565117283949348e+03
2.996648555555555504e+03
3.056088530864197310e+03
3.068224641975309169e+03
3.100884265432096981e+03
3.175534833333334063e+03
3.158463370370370740e+03
3.250293277777778258e+03
3.217768499999998312e+03
3.318147623456790825e+03
3.324647185185186117e+03
3.382711734567901203e+03
3.436650006172839312e+03
3.452642703703702864e+03
3.479908500000000913e+03
3.480178191358026197e+03
3.537110037037036818e+03
3.490561308641975302e+03
3.545794098765434228e+03
3.539726043209876025e+03
3.606124055555555969e+03
3.591749506172840483e+03
3.677619234567901003e+03
3.731719320987655465e+03
3.587812012345678795e+03
3.636275549382715781e+03
3.670472413580246211e+03
3.749222290123456332e+03
3.699679987654321849e+03
3.681880358024692669e+03
3.717641432098765108e+03
3.751703450617284034e+03
3.797011598765432154e+03
3.727188506172838970e+03
3.805291123456790501e+03
3.872660024691360377e+03
3.873091530864197011e+03
3.908043530864198146e+03
3.928917641975307106e+03
3.880723796296296314e+03
4.024954734567901596e+03
4.040165327160495053e+03
4.047015487654321078e+03
4.140948987654321172e+03
4.149767895061728268e+03
4.235745500000000902e+03
4.303626814814812860e+03
4.366707623456790316e+03
4.271398697530865320e+03
4.426363351851851803e+03
4.441034561728394692e+03
4.520647450617284449e+03
4.601554858024691384e+03
4.645298796296296132e+03
4.665687462962961945e+03
4.762911197530864229e+03
4.812183808641975702e+03
4.901883154320987160e+03
4.987995604938270844e+03
5.004015271604937880e+03
5.101427790123455452e+03
5.228749080246911944e+03
5.313054598765431365e+03
5.380962882716048625e+03
5.403859679012344714e+03
5.621042129629629017e+03
5.659796777777775787e+03
5.703001333333332695e+03
5.821018271604936672e+03
5.825926654320986927e+03
5.955540320987654013e+03
6.005675944444445122e+03
6.052791024691359780e+03
6.148423580246914753e+03
6.267249592592592307e+03
6.285372851851853738e+03
6.292708456790123819e+03
6.414528043209875250e+03
6.424048148148148357e+03
6.596165172839506340e+03
6.506142197530865815e+03
6.648781956790122422e+03
6.757521512345678275e+03
6.739829759259258935e+03
6.830122425925926109e+03
6.941666771604937821e+03
6.839885253086418743e+03
6.950485679012344008e+03
6.903424537037038135e+03
6.874972098765430928e+03
7.003480030864197943e+03
6.953883790123454673e+03
6.936192037037036243e+03
6.947707858024690722e+03
7.067369913580249886e+03
7.082256876543206090e+03
6.995173537037035203e+03
7.005880283950615194e+03
7.062461530864196902e+03
7.010545944444444103e+03
6.999030123456791443e+03
7.017800641975310100e+03
7.094905401234568671e+03
7.026241981481480252e+03
7.145661314814817160e+03
7.111248697530862046e+03
7.162570962962965496e+03
7.099571061728399400e+03
7.075298839506174772e+03
7.209362413580243810e+03
7.253780580246917452e+03
7.297767240740740817e+03
7.301974425925924152e+03
7.261466783950612808e+03
7.335119493827163751e+03
7.391700740740740002e+03
7.486470283950616249e+03
7.453783691358023134e+03
7.594724395061728501e+03
7.618565111111112856e+03
7.622340790123457737e+03
7.864793320987659172e+03
7.804544271604938331e+03
7.962205839506177654e+03
8.062477086419748957e+03
8.123508240740739893e+03
8.054359376543209692e+03
8.297054629629634292e+03
8.407169611111114136e+03
8.572220722222220502e+03
8.637162401234571007e+03
8.762191314814812358e+03
8.884388469135798005e+03
9.013058216049385010e+03
9.169775864197526971e+03
9.156965524691353494e+03
9.425685993827159109e+03
9.610802141975307677e+03
9.798399450617278490e+03
9.921567493827154976e+03
1.020868091358025049e+04
1.032675179012345507e+04
1.053759649382715725e+04
1.084612340740740183e+04
1.090879967901235068e+04
1.104855374074074280e+04
1.128345491358024810e+04
1.137587814197531225e+04
1.175646658641974864e+04
1.192014227160494011e+04
1.224129074074073651e+04
1.246793935802469423e+04
1.265658846296296178e+04
1.286255175308642356e+04
1.297827631481481876e+04
1.319108976543210338e+04
1.363772562345678489e+04
1.371771608024691341e+04
1.383198430864196962e+04
1.417322478395062171e+04
1.445998760493827103e+04
1.463569152469135770e+04
1.473838999382715701e+04
1.494211484567900698e+04
1.507709537037036898e+04
1.536054098765431627e+04
1.554948675308642123e+04
1.579107627160494121e+04
1.608315201234567940e+04
1.630831732716049373e+04
1.654408151234567777e+04
1.647539112345679314e+04
1.678146384567901259e+04
1.677342704320987832e+04
1.723260354938271848e+04
1.723435654320987305e+04
1.716847094444444519e+04
1.733233541358025104e+04
1.780343227777777793e+04
1.776796786419752971e+04
1.803598713580246840e+04
1.801025858024691115e+04
1.824637336419752683e+04
1.819259690740740552e+04
1.831695159259259526e+04
1.846838329012345639e+04
1.866871003086419660e+04
1.873332808024691622e+04
1.856547217901234399e+04
1.877887895061728341e+04
1.895363895061728181e+04
1.912702352469135440e+04
1.929460973456790816e+04
1.939490795061727840e+04
1.942306372839506002e+04
1.940515622222222373e+04
1.959213324074074262e+04
1.976311756172840251e+04
1.976762140740740506e+04
1.971675761728395446e+04
2.001749045061727520e+04
1.983447789506173285e+04
1.969952433950617706e+04
2.002784659876543810e+04
2.034829387037037668e+04
2.019381466049382288e+04
2.041908785185185116e+04
2.064325530864198299e+04
2.098306641975308230e+04
2.088239063580246875e+04
2.091111276543209897e+04
2.124631215432098543e+04
2.147727583333333314e+04
2.142719414814814445e+04
2.149885114197530493e+04
2.192720192592592866e+04
2.180117515432098298e+04
2.199017485802468946e+04
2.199184694444444176e+04
2.233419315432097937e+04
2.260391148148148204e+04
2.273231153703703239e+04
2.309162133333333622e+04
2.307158326543209114e+04
2.300923062345678773e+04
2.316513919753087248e+04
2.369276337037037229e+04
2.368208359259259305e+04
2.413821258641975510e+04
2.438012573456790415e+04
2.431049142592593125e+04
2.455434635185185107e+04
2.476942520987654643e+04
2.526212435185185677e+04
2.497919114814815111e+04
2.528912045679012954e+04
2.539354495061727357e+04
2.569870072222223098e+04
2.600377558641976066e+04
2.617241359259258752e+04
2.642444016666665993e+04
2.667867820987655068e+04
2.681484537654321684e+04
2.666848387654320686e+04
2.725514348765432806e+04
2.745466115432099105e+04
2.743219586419752886e+04
2.782082111111111590e+04
2.856692225308641719e+04
2.863580142592592892e+04
2.858865937654321533e+04
2.872420625308642047e+04
2.927804442592592386e+04
2.933848225925926090e+04
2.922518491975307916e+04
2.987133844444444549e+04
2.997449538888888128e+04
3.014345702469136086e+04
3.037655126543209917e+04
3.097807087037037491e+04
3.132219704320987876e+04
3.148511759259259634e+04
3.209515944444445631e+04
3.224303121604939224e+04
3.243742474691357347e+04
3.236703530246913942e+04
3.259977894444444610e+04
3.288060855555556191e+04
3.237650146913579374e+04
3.266439699382714753e+04
3.328174748148148501e+04
3.340491552469135058e+04
3.414489467283950216e+04
3.381082798765431653e+04
3.321507977777778433e+04
3.406371757407407131e+04
3.440787071604937955e+04
3.467990838888889994e+04
3.439268709259259776e+04
3.413701968518517970e+04
3.462785795679011062e+04
3.492745808641974872e+04
3.465283137654321035e+04
3.479048184567901626e+04
3.521378940123456414e+04
3.500750248148148239e+04
3.496346188271605934e+04
3.538191499382715847e+04
3.487157803703704121e+04
3.521157793209877127e+04
3.527522509259259095e+04
3.501419082716049888e+04
3.540869534567901428e+04
3.545041659876543417e+04
3.536878102469135774e+04
3.529909277777778334e+04
3.522748972222222073e+04
3.565718896296296589e+04
3.572180701234569278e+04
3.563483154938271764e+04
3.536360295061728539e+04
3.590716588271604996e+04
3.558523530864197528e+04
3.574006511728394980e+04
3.544904117283950472e+04
3.517961950617284310e+04
3.531303582098764309e+04
3.555424777160493250e+04
3.546452145679012028e+04
3.528517670370369888e+04
3.522719306172839424e+04
3.517492687654322071e+04
3.599721582716049306e+04
3.535357043209876429e+04
3.557927512962962646e+04
3.537503786419751850e+04
3.557288344444444374e+04
3.619527716049380979e+04
3.633875296296295710e+04
3.618206228395061044e+04
3.653222954320987628e+04
3.687182490123456955e+04
3.686076755555556156e+04
3.606493532716049958e+04
3.624665336419752566e+04
3.630614727777778171e+04
3.667837529012345476e+04
3.688045502469135681e+04
3.716481759259258979e+04
3.783044283333332714e+04
3.827270969135802443e+04
3.777752938888888457e+04
3.799134069753086078e+04
3.718677046913580125e+04
3.787782760493826936e+04
3.803036503703703056e+04
3.853692631481480930e+04
3.848614343209876097e+04
3.831839540740741359e+04
3.825617761111110303e+04
3.878722686419752426e+04
3.920352244444444659e+04
3.845712464197530062e+04
3.902094139506173087e+04
3.956329071604939963e+04
3.978791664814814430e+04
3.993241727777777123e+04
4.012621748765432130e+04
4.056977886419752758e+04
4.072077905555555481e+04
4.073901019135802926e+04
4.098564293827160145e+04
4.151310529629630037e+04
4.146216059876542568e+04
4.149606080246913189e+04
4.177481379012345133e+04
4.176998631481482153e+04
4.210877259876543394e+04
4.233612241358024767e+04
4.270185086419753497e+04
4.310800604938270408e+04
4.299802591358025529e+04
4.355412949382715306e+04
4.352198228395061597e+04
4.400416346296296979e+04
4.399852691358025186e+04
4.431104525925925554e+04
4.442671588271604560e+04
4.447153858641976694e+04
4.461857431481481035e+04
4.443610114197531220e+04
4.451611856790123420e+04
4.523489997530863911e+04
4.535491262962962355e+04
4.540634277160495549e+04
4.592687406172839110e+04
4.599510597530864470e+04
4.669813740740741196e+04
4.716184472839505906e+04
4.718927233950616937e+04
4.689568632716049615e+04
4.738598521604939015e+04
4.759941895679011941e+04
4.741101257407407684e+04
4.782728118518518022e+04
4.735844972839506227e+04
4.793286535185186221e+04
4.757360949382715626e+04
4.764324380246912187e+04
4.801331428395061812e+04
4.803097906790124398e+04
4.818049595679011691e+04
4.775521965432098659e+04
4.787358719135801221e+04
4.818513464814815234e+04
4.860655436419753823e+04
4.880537083333332703e+04
4.839654570370370493e+04
4.840976058024691156e+04
4.837041261111110362e+04
4.868808206172839709e+04
4.872635126543209481e+04
4.906875141358024848e+04
4.959351685802468273e+04
4.937040119753087492e+04
4.878862299999999959e+04
4.912117941358024837e+04
4.873557470987654960e+04
4.861596659259260196e+04
4.886354325925926969e+04
4.846671939506173658e+04
4.861119305555556639e+04
4.879674070987654704e+04
4.880078608024691493e+04
4.876888159259259555e+04
4.856343071604937722e+04
4.872001351851851359e+04
4.848406054938272428e+04
4.856866272839505837e+04
4.899749895679011388e+04
4.836410183333334862e+04
4.797836228395061335e+04
4.867098362962962710e+04
4.853271287037036382e+04
4.881656302469134243e+04
4.821409949999999662e+04
4.896470448765431502e+04
4.819754045061728539e+04
4.825236870370370161e+04
4.817262096913579444e+04
4.789831788888888696e+04
4.755141389506172709e+04
4.755718529012345243e+04
4.814187615432098391e+04
4.745642859876542934e+04
4.717438537654321408e+04
4.719941273456790077e+04
4.744245858641975792e+04
4.742482077160494373e+04
4.767984091975307820e+04
4.845776564197531115e+04
4.803340629012345744e+04
4.796633404938272724e+04
4.826558358024690824e+04
4.838573108024691464e+04
4.804066098765432253e+04
4.830183009876543656e+04
4.837710095679013466e+04
4.853980575308642437e+04
4.930386833950618166e+04
4.885164987037036190e+04
4.839832566666664934e+04
4.808572641358023975e+04
4.779192464814814593e+04
4.764642616049382923e+04
4.743965379629629024e+04
4.837944727160494222e+04
4.783963304938271904e+04
4.780257745679013169e+04
4.848565172839506704e+04
4.858123034567901050e+04
4.775597479012345138e+04
4.761155506790123036e+04
4.861451025925926660e+04
4.829338875925926550e+04
4.840512188888888340e+04
4.844153022222222353e+04
4.866105898765431630e+04
4.843004137037036708e+04
4.854201722222222452e+04
4.915739896296296502e+04
4.923569036419752229e+04
4.938744569135802885e+04
4.925993561728393979e+04
4.989775567901234899e+04
4.934111271604938520e+04
4.959510803703703277e+04
4.975638346913580608e+04
4.983909780864198547e+04
5.012796422222221008e+04
4.993246495679012878e+04
4.971463524691358180e+04
5.020482625925923639e+04
4.998616050617283327e+04
4.975759708024690917e+04
5.006437099999999191e+04
5.009692274691358034e+04
4.994772948765431647e+04
4.953410385185185442e+04
4.967442426543209876e+04
5.010406956790124968e+04
5.039452716049383162e+04
4.992779929629628896e+04
5.014881136419752875e+04
5.113019124691358593e+04
5.007289324691357615e+04
4.979875198148147319e+04
5.024333818518519547e+04
5.075607539506172907e+04
5.042564954320987454e+04
5.042648558641974523e+04
5.082214977777778404e+04
5.054180561111110728e+04
5.071548684567901364e+04
5.136741176543210895e+04
5.128232414197531762e+04
5.196367238888888096e+04
5.162987539506172470e+04
5.156134682098766643e+04
5.183991102469135512e+04
5.172696428395061957e+04
5.200598696296296839e+04
5.278828068518518558e+04
5.330757139506172825e+04
5.264205403086418664e+04
5.235413153703702847e+04
5.193915744444444135e+04
5.229007983950617927e+04
5.205436959259261494e+04
5.196968650617283129e+04
5.185727914814814721e+04
5.167742198148147145e+04
5.157795980864199373e+04
5.268258864197530056e+04
5.212440843827160279e+04
5.129303088888888306e+04
5.149664786419752636e+04
5.129362420987654332e+04
5.124486401234567893e+04
5.132070122222222562e+04
5.137798366666667425e+04
5.183330358641975181e+04
5.194417370370370918e+04
5.105837243827160273e+04
5.127390977160492912e+04
5.174152761728393671e+04
5.215811985802469280e+04
5.198015053086419357e+04
5.141169508641974971e+04
5.171134915432100388e+04
5.157235022839506564e+04
5.213317340740739746e+04
5.205819920987654041e+04
5.103124148765432619e+04
5.148081698148149007e+04
5.112312533333332976e+04
5.179400955555554538e+04
5.114677726543210156e+04
5.145980802469136688e+04
5.121797578395062737e+04
5.138127390123456280e+04
5.085618482716049766e+04
5.137803760493826849e+04
5.075944653703703079e+04
5.045720343209876592e+04
5.064801006790124666e+04
5.011776988888888445e+04
4.995282665432098293e+04
4.977051529629629658e+04
5.066936962345679058e+04
5.024479451851852355e+04
4.957153701234568143e+04
5.067875488271604991e+04
5.030817198765432113e+04
5.016704250000000320e+04
4.995778897530864197e+04
4.992469784567900206e+04
5.020061907407407853e+04
5.042098388271604199e+04
5.012230070370370231e+04
4.932530880246913875e+04
4.941438785802469647e+04
4.905990553703704063e+04
4.884741571604937053e+04
4.904318467283949576e+04
4.938682540123457147e+04
4.965028688888887700e+04
4.972841647530864429e+04
4.957075490740740497e+04
4.871688509876543685e+04
4.867823832716049947e+04
4.842764111728395801e+04
4.856645125925925822e+04
4.864056244444444019e+04
4.950416811111112474e+04
4.923895362962962827e+04
4.923164499382715439e+04
4.925850625308642338e+04
4.947301875925926288e+04
4.882290077160494548e+04
4.772110369753086707e+04
4.739148691975309339e+04
4.775829413580246182e+04
4.753056675308640843e+04
4.760707819135802129e+04
4.813089971604938182e+04
4.827847482716049853e+04
4.822302628395062493e+04
4.674668185185183393e+04
4.680142919753086608e+04
4.779858602469135076e+04
4.824309132098765258e+04
4.831046022222221654e+04
4.791805929629629100e+04
4.800716532098765310e+04
4.734925325308641914e+04
4.751052868518517789e+04
4.792124165432098380e+04
4.784758894444444741e+04
4.821679641358023946e+04
4.727568145061728137e+04
4.726605346913578978e+04
4.730472720987655339e+04
4.743870987654320925e+04
4.775405998148147773e+04
4.778793321604937955e+04
4.744442733333333308e+04
4.716912639506172854e+04
4.700466860493826971e+04
4.761592406790122186e+04
4.690331859259260091e+04
4.750586302469135990e+04
4.676318696296295821e+04
4.664020770370370883e+04
4.670051069135803118e+04
4.646960095061727043e+04
4.671663823456788668e+04
4.623413342592591653e+04
4.649638130246914079e+04
4.723061602469136415e+04
4.756794597530864849e+04
4.768747318518517568e+04
4.829160879629628471e+04
4.685604169753087626e+04
4.669660016666667798e+04
4.681769158641975082e+04
4.722487159876542864e+04
4.745583527777776908e+04
4.685633835802469548e+04
4.773777062345679587e+04
4.775039217901235679e+04
4.824042137654321414e+04
4.808613095061728382e+04
4.777614770370370388e+04
4.757061591975309420e+04
4.782960053086419794e+04
4.780532830864198331e+04
4.746713534567902389e+04
4.744151466666666238e+04
4.745664435185184993e+04
4.787720105555556074e+04
4.762911197530865320e+04
4.838362748765432480e+04
4.828443500617283280e+04
4.813944893209876318e+04
4.823977411728395236e+04
4.843821301851851604e+04
4.776703213580247393e+04
4.820134309876543557e+04
4.796903096296295553e+04
4.710841887037036940e+04
4.742900098765432631e+04
4.732743522222221509e+04
4.751565282098764874e+04
4.819624593209876912e+04
4.850045778395062371e+04
4.869908546913581085e+04
4.817615392592593707e+04
4.886704924691357155e+04
4.876480925308643054e+04
4.848246937037035968e+04
4.739903827777777769e+04
4.780427651234568475e+04
4.753941262962963810e+04
4.749761046913580503e+04
4.763310340740739775e+04
4.814322461111111625e+04
4.850652583950617554e+04
4.806822344444444752e+04
4.778135274691358063e+04
4.790034057407407818e+04
4.751576069753086631e+04
4.756743356172838685e+04
4.770306134567900881e+04
4.782733512345678173e+04
4.737225792592592188e+04
4.695577356172841246e+04
4.726527136419752787e+04
4.797445175925926742e+04
4.772703690740741149e+04
4.765734866049383709e+04
4.773011138888889400e+04
4.766611362962963176e+04
4.803497050000000309e+04
4.800263450617284252e+04
4.799988365432099090e+04
4.704299174691359076e+04
4.732001870987653820e+04
4.750524273456789524e+04
4.754248711111111334e+04
4.707219932098765275e+04
4.619856113580247620e+04
4.634519232716050465e+04
4.654141975925926090e+04
4.712478913580247172e+04
4.699504062345678540e+04
4.660717051234569226e+04
4.708360726543208875e+04
4.618596654938272695e+04
4.681877035185183922e+04
4.576352200617284689e+04
4.523630237037036568e+04
4.536235611111110484e+04
4.598367106172839704e+04
4.551864225308642926e+04
4.592342201234567619e+04
4.621660348765432718e+04
4.472610025925926311e+04
4.452863224691358482e+04
4.375604741358024330e+04
4.409952632716049266e+04
4.398097000617284357e+04
4.485951657407407038e+04
4.461075326543208939e+04
4.351515909259259934e+04
4.346844854938270873e+04
4.346518528395062458e+04
4.347645838271604589e+04
4.334236783950616518e+04
4.345399309259259462e+04
4.329323007407407567e+04
4.362511225925926556e+04
4.398881802469135437e+04
4.323683761111110653e+04
4.288774911728395818e+04
4.239831324074073927e+04
4.209426320370369649e+04
4.204995291358023678e+04
4.168681349999999657e+04
4.253116320370369067e+04
4.226662295061728219e+04
4.153128249382715876e+04
4.171572441358024662e+04
4.171583229012344964e+04
4.253501979012345691e+04
4.137540088888888567e+04
4.107491077777778264e+04
4.088326809876543120e+04
4.101398750000000291e+04
4.124813353703704342e+04
4.085842952469136071e+04
4.051063554938272136e+04
4.035273125925926433e+04
3.956199619753086154e+04
3.965371822839505330e+04
3.890268173456789373e+04
3.941126569753085641e+04
3.934454405555554695e+04
3.904257064197531145e+04
3.855008725308642170e+04
3.824536298765432730e+04
3.772043572839507397e+04
3.737587804938271438e+04
3.791102661111111229e+04
3.745403460493827151e+04
3.808195699382716703e+04
3.774249648148147389e+04
3.807866675925924937e+04
3.838568340123457165e+04
3.768990666666666220e+04
3.825962966049383249e+04
3.822829152469136170e+04
3.752170016666667652e+04
3.749853367901234014e+04
3.761862724074075231e+04
3.774327858641974308e+04
3.641334959259258903e+04
3.635733469753086683e+04
3.596730705555555323e+04
3.596204807407406770e+04
3.540656478395061276e+04
3.614187827160494635e+04
3.576935359876543953e+04
3.571037209876543784e+04
3.568930920370369131e+04
3.538105198148148338e+04
3.573086864197529940e+04
3.573386221604938328e+04
3.601784721604939114e+04
3.621450615432098857e+04
3.576323160493826435e+04
3.630121192592591979e+04
3.639269123456790112e+04
3.524537025925926719e+04
3.525979874691358418e+04
3.492397906790123670e+04
3.474374433333332854e+04
3.455674034567900526e+04
3.493058650617283274e+04
3.560211798765431740e+04
3.491952916049383930e+04
3.612877127160493546e+04
3.563205372839507618e+04
3.543601508024691429e+04
3.512166283333332831e+04
3.522916180864198395e+04
3.537592784567901253e+04
3.581031971604938735e+04
3.473241729629629845e+04
3.426606699999999546e+04
3.443225081481481175e+04
3.413869177160492836e+04
3.424041935185185139e+04
3.465946578395062534e+04
3.491000905555555073e+04
3.509423522222222527e+04
3.471944514197530953e+04
3.443195415432097798e+04
3.453532685185184528e+04
3.425190820370370056e+04
3.473141943827160139e+04
3.380349238271604554e+04
3.457092611111111182e+04
3.534494030864196975e+04
3.458516581481481262e+04
3.475574559876542480e+04
3.420649217901234806e+04
3.458913027777777461e+04
3.456973946913581312e+04
3.460336998148148996e+04
3.444948409259259643e+04
3.472273537654321262e+04
3.419147037037037080e+04
3.478071901851851726e+04
3.372956998148147977e+04
3.420703156172839954e+04
3.469493019753085537e+04
3.422456150000001071e+04
3.372485038271603844e+04
3.420268953086419788e+04
3.409141487654320372e+04
3.404065896296295250e+04
3.397938508641975204e+04
3.354075906172839314e+04
3.386414596913580317e+04
3.400562605555556365e+04
3.452421556790123577e+04
3.359046317901233851e+04
3.390675720370370254e+04
3.385988484567900741e+04
3.409106427777778299e+04
3.365408337037036836e+04
3.348061788888888987e+04
3.372687306790123694e+04
3.390880685802469088e+04
3.419227944444444438e+04
3.405996886419752263e+04
3.395691979629629350e+04
3.342492662345678400e+04
3.306286597530863946e+04
3.333803206790122931e+04
3.380004033333333064e+04
3.342929562345679733e+04
3.322597530864197324e+04
3.345650748148147977e+04
3.281259239506171434e+04
3.307173882098765898e+04
3.344607042592592188e+04
3.376352412345678749e+04
3.362905601234568167e+04
3.374653356790123507e+04
3.378286099382715474e+04
3.305930604938272154e+04
3.346138889506172563e+04
3.338474261111111264e+04
3.312316896296296181e+04
3.302038958641974750e+04
3.237687903703702978e+04
3.255468654938272084e+04
3.305019048148148431e+04
3.297276209259259485e+04
3.243583356790123435e+04
3.224812838271604778e+04
3.196967205555556211e+04
3.230009790740740937e+04
3.182517142592593518e+04
3.195966650617283813e+04
3.203747246296297453e+04
3.240538541358024668e+04
3.215883357407408039e+04
3.219375860493826985e+04
3.252777135185185762e+04
3.279352521604937647e+04
3.314444761111111438e+04
3.320736660493825912e+04
3.306354020370371290e+04
3.275730566666666709e+04
3.307430088888889441e+04
3.328390501234568364e+04
3.285425970987654728e+04
3.260479520370369573e+04
3.227194212962962774e+04
3.210592012962963418e+04
3.278548841358024947e+04
3.179898439506172872e+04
3.155307981481480601e+04
3.201837831481481771e+04
3.169054149999999936e+04
3.206120530246913404e+04
3.206204134567900837e+04
3.176937228395061902e+04
3.240705749999999534e+04
3.224432573456790851e+04
3.184930880246913512e+04
3.196964508641975408e+04
3.186179551234567407e+04
3.210527287037036876e+04
3.189903988888888853e+04
3.118826831481481349e+04
3.125485511111110827e+04
3.180311067283950979e+04
3.199016859876542367e+04
3.122624085802469199e+04
3.105714437654320864e+04
3.099465688888888326e+04
3.084298246913580806e+04
3.095568648765432954e+04
3.120423404320987902e+04
3.070835254320987224e+04
3.083793924074074312e+04
3.111949701851851205e+04
3.067795832716049335e+04
3.093804867283950807e+04
3.117076534567901035e+04
3.140930735185185404e+04
3.123759486419753011e+04
3.081620211728395952e+04
3.045667656790123146e+04
3.052132158641974820e+04
3.043164920987654114e+04
3.034475465432099008e+04
3.005195074691358241e+04
2.964962517901234605e+04
2.992969965432098252e+04
3.013032305555556013e+04
2.944571154320987625e+04
2.845715787037037080e+04
2.897485740123456708e+04
2.895374056790122995e+04
2.909546337654321542e+04
2.898664291358023911e+04
2.831031092592592904e+04
2.890373979012345444e+04
2.865797005555556098e+04
2.818862618518518138e+04
2.910010206790123266e+04
2.856177114814814922e+04
2.878370016666666561e+04
2.797683756172839639e+04
2.707159154938271240e+04
2.727332068518517917e+04
2.808492985802467956e+04
2.827158324691357848e+04
2.800399548148147369e+04
2.740827424074073861e+04
2.733014465432098223e+04
2.722803950617283772e+04
2.758427482098765904e+04
2.753022867283950109e+04
2.770150965432099110e+04
2.737631581481480680e+04
2.730387671604938805e+04
2.703610016666666343e+04
2.738985432098765523e+04
2.696193504320986904e+04
2.595318148765432124e+04
2.589813748148148807e+04
2.603888940123456996e+04
2.603052896913580116e+04
2.577718090740741172e+04
2.523361797530863623e+04
2.507932754938270955e+04
2.544435480246913721e+04
2.462233554320987969e+04
2.544934409259258973e+04
2.526557640123457531e+04
2.524791161728395309e+04
2.511630223456790554e+04
2.465076101234567977e+04
2.478458186419753474e+04
2.479712251234568248e+04
2.501808064197530621e+04
2.471152247530864042e+04
2.479420984567901542e+04
2.523299768518518249e+04
2.504273043209876050e+04
2.434878759876543336e+04
2.409859492592592142e+04
2.404810870370370685e+04
2.354804698765432113e+04
2.369966746913580209e+04
2.348561343827160817e+04
2.346533264814815266e+04
2.316109382716049731e+04
2.264649574691357702e+04
2.273649175308642589e+04
2.246275502469136700e+04
2.239303980864197729e+04
2.256842009876542579e+04
2.199028273456789611e+04
2.193149001851851790e+04
2.238271062962962606e+04
2.202879466049381881e+04
2.229797360493827000e+04
2.211962670987654565e+04
2.180837591358025020e+04
2.150192562345679835e+04
2.154378172222222202e+04
2.154235235802469106e+04
2.123110156172839197e+04
2.058095660493828109e+04
2.111378582098765764e+04
2.067351467901235083e+04
2.103336385802469158e+04
2.074274445061728329e+04
2.079665575308641928e+04
2.065398902469136010e+04
2.029678282098765339e+04
2.046067425925925636e+04
2.067734429629629449e+04
2.039859130864197505e+04
1.989337848765432136e+04
2.022863181481482388e+04
2.043257241975308716e+04
2.063322279012345825e+04
2.033373053703704136e+04
2.069047826543209885e+04
2.037968594444443806e+04
2.069975564814815880e+04
2.088969927160494262e+04
2.076283645679012261e+04
2.057432219753086247e+04
2.030287784567902418e+04
2.008922835185184886e+04
2.029446347530864296e+04
2.049160785802469763e+04
2.028521306172839468e+04
2.011444449382715902e+04
1.973992410493826901e+04
1.946524345679012913e+04
1.943924520987653887e+04
1.970801961728394963e+04
1.956198174691357781e+04
2.005222669753087030e+04
2.027679869135802437e+04
1.990861604938271194e+04
1.956613499382716327e+04
1.991824403086419625e+04
1.986204035185185421e+04
2.036711832716049685e+04
1.999723662962963499e+04
2.009068468518519148e+04
1.985891193209877019e+04
1.965583433950617837e+04
1.971371010493827634e+04
1.971317072222222487e+04
1.994440409259259104e+04
1.978207686419753009e+04
1.968992332716048986e+04
1.963905953703703926e+04
1.994696616049383010e+04
1.974065227160493305e+04
1.999346095061728192e+04
1.967654663580247507e+04
1.989057369753086095e+04
1.980988204320987643e+04
1.980187220987653927e+04
1.949445103086419476e+04
1.919749387654320890e+04
1.948873357407407093e+04
1.908144568518518281e+04
1.917705127160494158e+04
1.954197064814814803e+04
1.953644197530863312e+04
1.939080864197530900e+04
1.921116722839506110e+04
1.956600014814814858e+04
1.942597639506173437e+04
1.928519750617283353e+04
1.918533079629629356e+04
1.902106179012344728e+04
1.957732718518518595e+04
1.937122904938272040e+04
1.941284242592593000e+04
1.882928426543209935e+04
1.913743361111111517e+04
1.928063972222222583e+04
1.888122682098766018e+04
1.916003374691357749e+04
1.880913832098765852e+04
1.857199870987654140e+04
1.877572356172839500e+04
1.860449651851851377e+04
1.844014660493827614e+04
1.856636216049383074e+04
1.852037978395061145e+04
1.847250956790123746e+04
1.804343061728395332e+04
1.839661841975308562e+04
1.842294029629629586e+04
1.847722916666666424e+04
1.800408264814814902e+04
1.812730462962962702e+04
1.760771725925926148e+04
1.764183321604937737e+04
1.762009609259259378e+04
1.791319666049382795e+04
1.820327668518518112e+04
1.781613474074074111e+04
1.791241455555554785e+04
1.792428097530864034e+04
1.774933219135802210e+04
1.776613396296295468e+04
1.745998033333333296e+04
1.716666401234568184e+04
1.694451924074074122e+04
1.751583341358023972e+04
1.696625636419753937e+04
1.694050083950617045e+04
1.687831001234567884e+04
1.696010740123457072e+04
1.676509358024691755e+04
1.689613661111111651e+04
1.764156352469135891e+04
1.712890722222222394e+04
1.685859557407406828e+04
1.706709396296296109e+04
1.729037143827160253e+04
1.711286058641975251e+04
1.644610264197530705e+04
1.681485163580246808e+04
1.682876770987654163e+04
1.709058408024691380e+04
1.715412336419753410e+04
1.713662039506172732e+04
1.676315180246912860e+04
1.655610974691358570e+04
1.682612473456790030e+04
1.676938167283951043e+04
1.671333980864198384e+04
1.655179468518518479e+04
1.677671727777777414e+04
1.664481123456790374e+04
1.681957123456790214e+04
1.688092601851851941e+04
1.670802688888887860e+04
1.644782866666666450e+04
1.616325034567901093e+04
1.579520254938271682e+04
1.608339473456790802e+04
1.599776772839506521e+04
1.563060991358023966e+04
1.552861264197530909e+04
1.553449191358024837e+04
1.526391057407407243e+04
1.546404853086419826e+04
1.564056152469135850e+04
1.556289041358025315e+04
1.550191319753085918e+04
1.601834517901234358e+04
1.572664700617283597e+04
1.578800179012345689e+04
1.553724276543210362e+04
1.554220508641975175e+04
1.543899420370370535e+04
1.546256522839506215e+04
1.562187191358024575e+04
1.538141509876543023e+04
1.542451177777778139e+04
1.525614346296296208e+04
1.534832396913580305e+04
1.584719904320988098e+04
1.562392156790124136e+04
1.517771721604938284e+04
1.515738248765432218e+04
1.497040546913581238e+04
1.477166990740740403e+04
1.459175880246913403e+04
1.477366562345678904e+04
1.442422653086420178e+04
1.462142485185185069e+04
1.490896977777777647e+04
1.480120111111110600e+04
1.479424307407407105e+04
1.427468267283950263e+04
1.416540373456789894e+04
1.434048736419753186e+04
1.438665852469136371e+04
1.405679902469135595e+04
1.419658005555555428e+04
1.394042720370370262e+04
1.366749954938271912e+04
1.366615109259259589e+04
1.385833315432098607e+04
1.290475845061728432e+04
1.319599814814814818e+04
1.340279748148147701e+04
1.344244211111110781e+04
1.351477333333333081e+04
1.358723940123456669e+04
1.337310446296296323e+04
1.336571491975308709e+04
1.341585054320987547e+04
1.365762884567901347e+04
1.365118322222222014e+04
1.378295441975308131e+04
1.362175989506172846e+04
1.352003231481481453e+04
1.346992366049382690e+04
1.323332343209876854e+04
1.311549527777777803e+04
1.309437844444444454e+04
1.301460374074074025e+04
1.299165300617284083e+04
1.301972787654320928e+04
1.302916707407407921e+04
1.265974385185185383e+04
1.260647980864197416e+04
1.263301743827160135e+04
1.267077422839506471e+04
1.271087733333333199e+04
1.267508929012345470e+04
1.271117399382716394e+04
1.255674872222221529e+04
1.278393672222222085e+04
1.218648945679012104e+04
1.220463968518518232e+04
1.216237904938272186e+04
1.215250834567901438e+04
1.206974006790122985e+04
1.195323340123457274e+04
1.172453512962962304e+04
1.154149560493826539e+04
1.146611687037037518e+04
1.163680453086419584e+04
1.169759296296296270e+04
1.174732404938271429e+04
1.155125843209876621e+04
1.160668000617284815e+04
1.153057310493827026e+04
1.161477074691358030e+04
1.171558137654321035e+04
1.149810226543209683e+04
1.149473112345679328e+04
1.145093324691357520e+04
1.112711483333333308e+04
1.115367943209875921e+04
1.121751537654321146e+04
1.092001883950617412e+04
1.092619477160494534e+04
1.098943739506172642e+04
1.097001961728394781e+04
1.110613284567901428e+04
1.100683248765432290e+04
1.083120947530864032e+04
1.060318543209876407e+04
1.050191632716049571e+04
1.076543175308641548e+04
1.078412136419753188e+04
1.074703880246913832e+04
1.042154830246913843e+04
1.031798682098765494e+04
1.024991672222222587e+04
1.016671693827160743e+04
1.008877613580246907e+04
1.002968675925926073e+04
1.000730237654321354e+04
9.732136283950618235e+03
9.573234135802469609e+03
9.550283401234561097e+03
9.467488154320986723e+03
9.355566240740736248e+03
9.566141253086423603e+03
9.095826493827164086e+03
9.104564493827163460e+03
8.954643067901237373e+03
8.675242820987652522e+03
8.663915783950613331e+03
8.886761753086422686e+03
8.927404240740739624e+03
8.737487586419756553e+03
8.781878783950614888e+03
8.759710154320988295e+03
8.899383308641972690e+03
8.900489043209880037e+03
8.771037191358025666e+03
8.670388376543207414e+03
8.464964469135800755e+03
8.563752413580248685e+03
8.550942074074069751e+03
8.486189179012346358e+03
8.403528777777779396e+03
8.254092796296299639e+03
8.131491104938277203e+03
7.995216061728400746e+03
7.885424709876544512e+03
7.742272537037040820e+03
7.883941407407408406e+03
7.866600253086419798e+03
7.929977722222218290e+03
7.837689339506169745e+03
7.722612037037040864e+03
7.552221037037033966e+03
7.503433870370365184e+03
7.574875111111102342e+03
7.365297956790122953e+03
7.328215395061730305e+03
7.377137407407411047e+03
7.260010450617284732e+03
7.177700648148148503e+03
7.184793530864197237e+03
7.052617796296296547e+03
6.877480228395061204e+03
6.976726648148149252e+03
6.867771339506171898e+03
6.934250259259258200e+03
6.843687901234568926e+03
6.886892456790123106e+03
6.836783802469135480e+03
6.781658888888887304e+03
6.683383358024691915e+03
6.666500679012344335e+03
6.701695401234566816e+03
6.647918944444446424e+03
6.594681870370372053e+03
6.460186790123458195e+03
6.366496012345678537e+03
6.290631833333332906e+03
6.181946216049382201e+03
6.151551999999999680e+03
6.178035691358023541e+03
6.180975327160493180e+03
6.068055555555553838e+03
6.028141234567903666e+03
5.934828024691360042e+03
5.927033944444445297e+03
5.927869987654321449e+03
5.954758216049382099e+03
5.964359228395061109e+03
5.983938820987654253e+03
5.892540419753088827e+03
5.779431864197533287e+03
5.748740987654320634e+03
5.629483469135800988e+03
5.509659598765432747e+03
5.571580734567901345e+03
5.683772339506174831e+03
5.674926462962963342e+03
5.565647524691356921e+03
5.458930654320986832e+03
5.397845561728395296e+03
5.349489901234567697e+03
5.334198401234567427e+03
5.215453296296295775e+03
5.185032111111111590e+03
5.176509864197530987e+03
5.121519796296296590e+03
5.058088388888889313e+03
5.140101530864198139e+03
5.112673919753086921e+03
5.034220703703704203e+03
4.905712771604939007e+03
4.826908956790122829e+03
4.774912462962964128e+03
4.732085475308640525e+03
4.759243395061728734e+03
4.626258586419752646e+03
4.556246709876542809e+03
4.503926586419754130e+03
4.528495469135801613e+03
4.572724851851852691e+03
4.597347672839504412e+03
4.514417580246912621e+03
4.490495956790124183e+03
4.546268129629630494e+03
4.471293932098764344e+03
4.414146333333334042e+03
4.391627104938272169e+03
4.392705870370369666e+03
4.351766722222222597e+03
4.335558271604939364e+03
4.339873333333331175e+03
4.202195895061726333e+03
4.163522154320988193e+03
4.136687864197530871e+03
4.147178858024692090e+03
4.146720382716048334e+03
4.104297932098766978e+03
4.021907222222221662e+03
4.030159777777777435e+03
4.009474450617283765e+03
3.936603845679012011e+03
3.941188598765433198e+03
3.836413506172839789e+03
3.816240592592591383e+03
3.725867018518518762e+03
3.755182469135800602e+03
3.756557895061728232e+03
3.661356845679013986e+03
3.591156185185184313e+03
3.635169814814815254e+03
3.701972364197530169e+03
3.706772870370371038e+03
3.700030586419752126e+03
3.791698679012346474e+03
3.761789907407405735e+03
3.671146641975309194e+03
3.664134666666666362e+03
3.690375635802469787e+03
3.671443302469134778e+03
3.649652240740739671e+03
3.621091925925925807e+03
3.603508049382716308e+03
3.567666067901235238e+03
3.543663537037038168e+03
3.487945302469135186e+03
3.535410981481481940e+03
3.562622839506172113e+03
3.629775987654322307e+03
3.653535796296296212e+03
3.588836839506172964e+03
3.589214407407408999e+03
3.625218203703703239e+03
3.592666456790122538e+03
3.566641240740740614e+03
3.476780080246915077e+03
3.445711635802469573e+03
3.463646111111110713e+03
3.490372524691358194e+03
3.459762555555555082e+03
3.350483617283950480e+03
3.272677660493825897e+03
3.313239240740740570e+03
3.269657117283949901e+03
3.380823895061729672e+03
3.455447493827160542e+03
3.368957475308640824e+03
3.355149277777776661e+03
3.372166802469134382e+03
3.343876179012346256e+03
3.325537166666668327e+03
3.358034975308642515e+03
3.297678049382715471e+03
3.260244888888888454e+03
3.302910061728394339e+03
3.316934012345679093e+03
3.334383043209876178e+03
3.288400666666665984e+03
3.258869462962964917e+03
3.326130487654320405e+03
3.319684864197530715e+03
3.251641734567901949e+03
3.237590814814814166e+03
3.152260469135802850e+03
3.163452660493828262e+03
3.233086969135802974e+03
3.268335629629628329e+03
3.235514191358024163e+03
3.206144802469137176e+03
3.173512148148147844e+03
3.142497641975309762e+03
3.242067691358025058e+03
3.221139641975308678e+03
3.189423938271605039e+03
3.143549438271603776e+03
3.109891956790124368e+03
3.081871024691357434e+03
3.116715148148150092e+03
3.133516919753086313e+03
3.178366592592592497e+03
3.160432117283949083e+03
3.093953197530865054e+03
3.090339333333333798e+03
3.024912209876543329e+03
2.976988055555555547e+03
2.966928567901234601e+03
2.998050950617282524e+03
2.948454709876542893e+03
2.960455975308640518e+03
2.890875604938270953e+03
2.811073932098763635e+03
2.859699283950617428e+03
2.855249376543210929e+03
2.696536012345678955e+03
2.802956222222222095e+03
2.777659172839506027e+03
2.801149290123456922e+03
2.830114141975308939e+03
2.853712135802468765e+03
2.832487425925924072e+03
2.883108493827160146e+03
2.916604160493825475e+03
2.932165351851851028e+03
2.937397364197529896e+03
2.894543407407407358e+03
2.922348586419751427e+03
2.904333203703703475e+03
2.895891864197531959e+03
2.900422679012345270e+03
2.856462987654321751e+03
2.866387629629629828e+03
2.850206148148149168e+03
2.808781555555556224e+03
2.783592382716049997e+03
2.682539030864197684e+03
2.662527932098765632e+03
2.650041222222221222e+03
2.613066537037036596e+03
2.625795969135803716e+03
2.597586253086419219e+03
2.556943765432098644e+03
2.478355703703704421e+03
2.456537672839507195e+03
2.301384234567901785e+03
2.413144333333334089e+03
2.417108796296296987e+03
2.325980086419752752e+03
2.354027987654320896e+03
2.327490358024691886e+03
2.300089716049383242e+03
2.316567858024691759e+03
2.276383845679012666e+03
2.289356000000000222e+03
2.269452777777776646e+03
2.240110358024691322e+03
2.256831222222223005e+03
2.253028574074075095e+03
2.230806006172841080e+03
2.259204506172838592e+03
2.203971716049382394e+03
2.198739703703703071e+03
2.216026919753086077e+03
2.174818080246914178e+03
2.151516746913579937e+03
2.139569419753086549e+03
2.098792086419753105e+03
2.108770666666665875e+03
2.050733086419752453e+03
2.064810975308641900e+03
2.066644876543209648e+03
2.057124771604937450e+03
2.051488222222221793e+03
2.040403907407407587e+03
2.020338870370370842e+03
1.982069666666666308e+03
1.957716537037037142e+03
1.927349290123456740e+03
1.908012419753087215e+03
1.878750907407406430e+03
1.877726080246912716e+03
1.904722185185186390e+03
1.880692685185185383e+03
1.815751006172838515e+03
1.788404302469134109e+03
1.759385512345678308e+03
1.745361561728394918e+03
1.749622685185185219e+03
1.754585006172840622e+03
1.747195462962963120e+03
1.702669419753086459e+03
1.673057308641974032e+03
1.692367209876543257e+03
1.680527759259259255e+03
1.648839024691358190e+03
1.649459314814815571e+03
1.661460580246913651e+03
1.619172975308641526e+03
1.615451234567901338e+03
1.602559987654321503e+03
1.592311716049383449e+03
1.569711580246912945e+03
1.571707296296296590e+03
1.564533506172839679e+03
1.526345209876542867e+03
1.522299839506173157e+03
1.500697561728395158e+03
1.487671469135804728e+03
1.466527666666665937e+03
1.443549962962963036e+03
1.457466037037037495e+03
1.452503716049383456e+03
1.411483660493826847e+03
1.419520462962963393e+03
1.399239672839505602e+03
1.378149808641975142e+03
1.355846333333332950e+03
1.362831339506172753e+03
1.344815956790123892e+03
1.340635740740740403e+03
1.359001722222222270e+03
1.355091197530863610e+03
1.343278716049382638e+03
1.333084382716049731e+03
1.315716259259258550e+03
1.290904654320986992e+03
1.297862691358023767e+03
1.270839617283950247e+03
1.267252722222222928e+03
1.251529716049382841e+03
1.240957814814812991e+03
1.241038722222222532e+03
1.226610234567900534e+03
1.221971543209875108e+03
1.199182623456789315e+03
1.195568759259260332e+03
1.209430895061727369e+03
1.205897938271603834e+03
1.181490870370369521e+03
1.170838061728395587e+03
1.152876617283950509e+03
1.125745666666665784e+03
1.139338111111109811e+03
1.113852277777777090e+03
1.111505962962961803e+03
1.096915660493826636e+03
1.091117296296295535e+03
1.073155851851851821e+03
1.079250876543209870e+03
1.090523975308641184e+03
1.044703413580245979e+03
1.030059172839507482e+03
1.041871654320986636e+03
1.030436740740739879e+03
1.017761246913579726e+03
1.029843419753086891e+03
1.029951296296295823e+03
1.014713734567901156e+03
9.997188950617287446e+02
9.930305493827163446e+02
9.963477530864197433e+02
9.794920432098783749e+02
9.423016049382699748e+02
9.261470925925932534e+02
9.012545802469135197e+02
8.998252160493830161e+02
8.872845679012343680e+02
8.931908086419753090e+02
8.815940802469140181e+02
8.938110987654322344e+02
8.607199691358009659e+02
8.749866419753084301e+02
8.821334629629632218e+02
8.851270370370366436e+02
8.654935061728406254e+02
8.680016358024695364e+02
8.568633827160492729e+02
8.456442222222221972e+02
8.554609876543199789e+02
8.528989197530859201e+02
8.393604135802474957e+02
8.341823395061728661e+02
8.241498209876549481e+02
8.342093086419754400e+02
8.334272037037039809e+02
8.272782407407407845e+02
8.132542901234573947e+02
7.872021049382724414e+02
7.685394629629645351e+02
7.305129814814827114e+02
7.406264074074074415e+02
7.486092716049370210e+02
7.428918148148140972e+02
7.439436111111103855e+02
7.205344012345685769e+02
7.143315000000002328e+02
7.197522962962966631e+02
6.928910370370372220e+02
6.884141604938263299e+02
6.806470493827159771e+02
6.723135864197529372e+02
6.646543518518515157e+02
6.591526481481487281e+02
6.519249197530857600e+02
6.498482962962957572e+02
6.439420555555561805e+02
6.381976296296288638e+02
6.225555308641969532e+02
6.179977469135801584e+02
5.999014567901240298e+02
5.860393209876542642e+02
6.015735432098758793e+02
5.867674876543219398e+02
5.752246975308653418e+02
5.799173271604945512e+02
5.747392530864199216e+02
5.889250185185183000e+02
5.811579074074079472e+02
5.678890925925925330e+02
5.515457962962973397e+02
5.342855493827150895e+02
5.364161111111102400e+02
5.150835246913584342e+02
5.231203271604931615e+02
5.052667592592588335e+02
5.104178641975304345e+02
5.020304629629622468e+02
4.837723580246911297e+02
4.915664382716049658e+02
4.801584938271603278e+02
4.756276790123456522e+02
4.572347283950616657e+02
4.609025308641976153e+02
4.820193641975320133e+02
4.684269197530866222e+02
4.493327716049388982e+02
4.533242037037043701e+02
4.571268518518527344e+02
4.513015185185176961e+02
4.529196666666666715e+02
4.545917530864198852e+02
4.535669259259257160e+02
4.491439876543204264e+02
4.438850061728403489e+02
4.531354197530854435e+02
4.419701975308639703e+02
4.352548827160485416e+02
4.202600432098765850e+02
4.117647654320976471e+02
4.038628086419748797e+02
4.025143518518530072e+02
3.926436481481478040e+02
3.877622345679014870e+02
3.693962530864200744e+02
3.865755925925923293e+02
3.688568703703695064e+02
3.802917839506167184e+02
3.670229691358022137e+02
3.575568024691347091e+02
3.605503765432099499e+02
3.606582530864207001e+02
3.536462777777774136e+02
3.433710370370381497e+02
3.369523827160496694e+02
3.267580493827172177e+02
3.192875987654315395e+02
3.196921358024683286e+02
3.220654197530857346e+02
3.146758765432100518e+02
3.059109074074076489e+02
3.011373703703716274e+02
2.961211111111110768e+02
2.975235061728399160e+02
2.905924382716052605e+02
2.897833641975307728e+02
2.873831111111121572e+02
3.018115987654327910e+02
2.909160679012347828e+02
2.848480123456797628e+02
2.792114629629636511e+02
2.654572037037037262e+02
2.710937530864198379e+02
2.628411975308649744e+02
2.533750308641965603e+02
2.564495123456804322e+02
2.575282777777783849e+02
2.673450432098761667e+02
2.693946975308635956e+02
2.618163703703708052e+02
2.583103827160489345e+02
2.641087469135804895e+02
2.407534753086411001e+02
2.525389876543204082e+02
2.388926049382716883e+02
2.306670185185175797e+02
2.363844753086414130e+02
2.302894506172833644e+02
2.252462222222225137e+02
2.323121358024695837e+02
2.210390370370378150e+02
2.244910864197540832e+02
2.189354444444434193e+02
1.985467777777780611e+02
2.048575555555562460e+02
1.986816234567886568e+02
1.920741851851853426e+02
1.868691419753085938e+02
1.757578580246918136e+02
1.788053703703703832e+02
1.839295061728385008e+02
1.690695123456789588e+02
1.795335370370371493e+02
1.611136172839501342e+02
1.653477716049378614e+02
1.590100246913571027e+02
1.680446851851866086e+02
1.559355432098750498e+02
1.615720925925925258e+02
1.621114753086426390e+02
1.614102777777779920e+02
1.460378703703704559e+02
1.483032777777784759e+02
1.412643333333335249e+02
1.413182716049391274e+02
1.399158765432089240e+02
1.371110864197535193e+02
1.343872037037031077e+02
1.234107654320996517e+02
1.270515987654325727e+02
1.167224197530858874e+02
1.302609259259256760e+02
1.092519691358029377e+02
9.800583950617328810e+01
9.824856172839599822e+01
1.189338888888883048e+02
1.110049629629634182e+02
1.105464876543219361e+02
1.009994135802462552e+02
1.056920432098768288e+02
1.157784999999998945e+02
9.805977777777752635e+01
1.006757839506162782e+02
9.762827160493861811e+01
8.597760493827172468e+01
8.789241358024719375e+01
9.058932716049412193e+01
8.411673456790049386e+01
8.128497530864160581e+01
8.120406790123479368e+01
7.583720987654351120e+01
8.551912962962887832e+01
8.050287037037014670e+01
7.853412345678952988e+01
6.564287654321014998e+01
6.904098765432036089e+01
8.848573456790109049e+01
6.442926543209841839e+01
7.653840740740815818e+01
6.267627160493930205e+01
5.747122839506118908e+01
6.070752469135868523e+01
5.863090123456777292e+01
6.744980864197486881e+01
5.846908641975278442e+01
5.321010493827134269e+01
6.192113580246905258e+01
6.332353086419652755e+01
6.332353086419652755e+01
6.332353086419652755e+01
